-------- CM + ACCURACY + IOU ----------
potsdam/test
2391412 72374 107812 1028402
94.99483333333333 89.0422128330834
christchurch/test
142450120 5463209 651642 14150529
96.2419984574303 82.85508909572295
toulouse/test
18760484 904290 371755 4155087
94.72525936258248 85.06819851838009
paris/test
52277580 2774223 468798 3950499
94.54689588724608 74.53817723210203
austin/test
111777094 4155406 1501118 17566382
95.80998222222222 85.41284782483622
chicago/test
91732575 7705742 4416927 31144756
91.02024518518519 80.15466809894637
kitsap/test
124086592 3072803 1131036 6709569
96.88604518518518 79.10161932036877
tyrol-w/test
123414615 1993987 757442 8833956
97.96190444444444 87.03503134319487
vienna/test
92179719 7890132 1862684 33067465
92.77569185185185 83.82796329610119
vegas/test
153161547 10666095 2326933 33096425
93.47906509879499 81.99463208139625
shanghai/test
201055577 9999902 5491147 20425174
93.4629145746456 74.85762902741558
khartoum/test
41540241 3199856 1809107 5925296
90.45448170063554 71.71480768229927
bruges/test
1673609 54495 36883 235013
95.4311 83.41312766250222
rio/test
377626227 17307074 3033830 22609635
95.1635692590779 73.76494761474109
Arlington/test
7773702 334164 69646 822488
95.51322222222223 81.066377679945
Austin/test
8421906 293085 140793 1867779
95.95397537180506 88.12497278831749
DC/test
forward in progress 1280 1600
1512115 210901 42932 794052
90.0846484375 80.7014415002127
NewYork/test
1650192 93496 59383 446929
93.20537777777778 83.01659926379219
SanFrancisco/test
4757134 753918 223681 3265267
89.13778888888889 79.95600526131511
Atlanta/test
1684316 68802 39859 367023
94.96939814814814 85.54826315772388
NewHaven/test
7330964 287347 338310 1043379
93.04825555555556 77.32525987332396
Norfolk/test
7677256 245338 116039 961367
95.9847 84.09212220087392
Seekonk/test
8448421 137965 31156 382458
98.12087777777778 83.68811637731324

-------- IOU ----------
potsdam/test 89.0422128330834
christchurch/test 82.85508909572295
toulouse/test 85.06819851838009
paris/test 74.53817723210203
austin/test 85.41284782483622
chicago/test 80.15466809894637
kitsap/test 79.10161932036877
tyrol-w/test 87.03503134319487
vienna/test 83.82796329610119
vegas/test 81.99463208139625
shanghai/test 74.85762902741558
khartoum/test 71.71480768229927
bruges/test 83.41312766250222
rio/test 73.76494761474109
Arlington/test 81.066377679945
Austin/test 88.12497278831749
DC/test 80.7014415002127
NewYork/test 83.01659926379219
SanFrancisco/test 79.95600526131511
Atlanta/test 85.54826315772388
NewHaven/test 77.32525987332396
Norfolk/test 84.09212220087392
Seekonk/test 83.68811637731324
miniworld 80.67943032127445

